{
 "cells": [
  {
   "cell_type": "markdown",
   "metadata": {},
   "source": [
    "## Modelling Lending Club Challenge"
   ]
  },
  {
   "cell_type": "markdown",
   "metadata": {},
   "source": [
    "#### Author: Filip Michalsky, October 22, 2018"
   ]
  },
  {
   "cell_type": "markdown",
   "metadata": {},
   "source": [
    "**Executive Summary**\n",
    "\n",
    "**Overview**\n",
    "\n",
    "We prepared our data set using traditional data science techniques and trained our model (Logistic Regression) to predict whether a loan would default. The definition of loan default was taken from the Challenge Part 1. We evaluated our models used Confusion Matrix and Receiver-Operating Characteristic (ROC) curve to understand the trade-off between false-positives and true positives.\n",
    "\n",
    "**Findings**\n",
    "\n",
    "The data set used was very imbalanced, with majority of loans not defaulting (~82%). Thus, the initial model was not useful for predicting which loans will default, as the precision (i.e., loans predicted NOT default will actually default) was low (only 52%) and thus not useful from the business standpoint. Interestingly, interest rate and loan amount proved to not be statistically significant in predicting whether a loan will default via a bootstrap analysis.\n",
    "\n",
    "After performing cross-validation over a space of regularization parameters and introducing class weights, we were able to improve the ROC of our model while changing false positive rate/ false negative rate ratio (FPR/FNR) and also allowed us to introduce **strategy tuning** of our machine learning model - this way, the business stakeholders can choose the trade-off between number of \"good loans\" classified as \"good\" and thus to invest (recall in this case) and precision - how many people who will default are currently predicted to default? \n",
    "\n",
    "Ultimately, this **strategy tuning** allowed us to align with a particular loan strategy - do we want to have a safe strategy, where we barely give out loans to anyone who might default BUT miss out on some of the potential revenue, or are we risk-takers who are willing to accept a certain degree of defaults while increasing revenue from 'good' loans? This also depends on the trade-off between how many loans need to perform to satisfy one default, but such analysis was not conducted due to time constraints and could be discussed with the business stakeholder in the future.\n",
    "\n",
    "For detailed analysis and graphs, please see model evaluation section in the end of this notebook."
   ]
  },
  {
   "cell_type": "code",
   "execution_count": 1,
   "metadata": {},
   "outputs": [
    {
     "data": {
      "text/html": [
       "<script>requirejs.config({paths: { 'plotly': ['https://cdn.plot.ly/plotly-latest.min']},});if(!window.Plotly) {{require(['plotly'],function(plotly) {window.Plotly=plotly;});}}</script>"
      ],
      "text/vnd.plotly.v1+html": [
       "<script>requirejs.config({paths: { 'plotly': ['https://cdn.plot.ly/plotly-latest.min']},});if(!window.Plotly) {{require(['plotly'],function(plotly) {window.Plotly=plotly;});}}</script>"
      ]
     },
     "metadata": {},
     "output_type": "display_data"
    }
   ],
   "source": [
    "# import libraries\n",
    "import numpy as np\n",
    "import pandas as pd\n",
    "import seaborn as sns\n",
    "import matplotlib.pyplot as plt\n",
    "from sklearn.cluster import KMeans\n",
    "%matplotlib inline\n",
    "\n",
    "from plotly.offline import download_plotlyjs, init_notebook_mode, plot, iplot\n",
    "init_notebook_mode(connected=True)\n",
    "import plotly.graph_objs as go"
   ]
  },
  {
   "cell_type": "markdown",
   "metadata": {},
   "source": [
    "## prepare data for modeling"
   ]
  },
  {
   "cell_type": "code",
   "execution_count": 2,
   "metadata": {},
   "outputs": [],
   "source": [
    "# Same as in part 1 of the Challenge, we will pre-process the data"
   ]
  },
  {
   "cell_type": "code",
   "execution_count": 3,
   "metadata": {},
   "outputs": [],
   "source": [
    "df_loan = pd.read_csv(\"lending-club-loan-data/loan.csv\",low_memory=False)"
   ]
  },
  {
   "cell_type": "code",
   "execution_count": 4,
   "metadata": {},
   "outputs": [],
   "source": [
    "# per instruction, only use these cols \n",
    "cols_keep = ['loan_amnt','funded_amnt','term','int_rate','grade',\\\n",
    "            'annual_inc','issue_d','dti','revol_bal','total_pymnt',\\\n",
    "            'loan_status']"
   ]
  },
  {
   "cell_type": "code",
   "execution_count": 5,
   "metadata": {},
   "outputs": [],
   "source": [
    "df_loan.columns;"
   ]
  },
  {
   "cell_type": "code",
   "execution_count": 6,
   "metadata": {},
   "outputs": [],
   "source": [
    "df_loan = df_loan.loc[:,cols_keep]"
   ]
  },
  {
   "cell_type": "code",
   "execution_count": 7,
   "metadata": {},
   "outputs": [
    {
     "data": {
      "text/plain": [
       "(887379, 11)"
      ]
     },
     "execution_count": 7,
     "metadata": {},
     "output_type": "execute_result"
    }
   ],
   "source": [
    "df_loan.shape"
   ]
  },
  {
   "cell_type": "code",
   "execution_count": 8,
   "metadata": {},
   "outputs": [],
   "source": [
    "# Method to impute missing values from continuous variables using k-means clustering\n",
    "def kmeans_missing(X, n_clusters, max_iter=10):\n",
    "\n",
    "    # Initialize missing values to their column means\n",
    "    missing = ~np.isfinite(X)\n",
    "    mu = np.nanmean(X, 0, keepdims=1)\n",
    "    X_hat = np.where(missing, mu, X)\n",
    "\n",
    "    for i in range(max_iter):\n",
    "        if i > 0:\n",
    "            cls = KMeans(n_clusters, init=prev_centroids)\n",
    "        else:\n",
    "            cls = KMeans(n_clusters, n_init=1,n_jobs=-1)\n",
    "\n",
    "        # Perform clustering on the filled-in data\n",
    "        labels = cls.fit_predict(X_hat)\n",
    "        centroids = cls.cluster_centers_\n",
    "\n",
    "        # Fill in the missing values based on their cluster centroids\n",
    "        X_hat[missing] = centroids[labels][missing]\n",
    "\n",
    "        # When the labels have stopped changing then we have converged\n",
    "        if i > 0 and np.all(labels == prev_labels):\n",
    "            break\n",
    "\n",
    "        prev_labels = labels\n",
    "        prev_centroids = cls.cluster_centers_\n",
    "\n",
    "    return X_hat"
   ]
  },
  {
   "cell_type": "code",
   "execution_count": 9,
   "metadata": {},
   "outputs": [
    {
     "name": "stderr",
     "output_type": "stream",
     "text": [
      "/Users/filipmichalsky/anaconda/lib/python3.6/site-packages/sklearn/cluster/k_means_.py:968: RuntimeWarning:\n",
      "\n",
      "Explicit initial center position passed: performing only one init in k-means instead of n_init=10\n",
      "\n"
     ]
    }
   ],
   "source": [
    "df_loan.loc[:,['annual_inc']] = kmeans_missing(df_loan.loc[:,['annual_inc']],n_clusters=10,max_iter=10) # this will only work for numerical columns!"
   ]
  },
  {
   "cell_type": "code",
   "execution_count": 10,
   "metadata": {},
   "outputs": [],
   "source": [
    "# ==================================\n",
    "# Column summaries\n",
    "# ==================================\n",
    "#data = train_df\n",
    "\n",
    "def get_meta_data(data):\n",
    "    # Define metrics to be determined for each column\n",
    "    metrics = []\n",
    "    metrics.append(data.dtypes)\n",
    "    metrics.append(data.apply(lambda x: x.nunique(), axis=0))\n",
    "    \n",
    "    metrics.append(data.apply(lambda x: x.isnull().sum(), axis=0))\n",
    "\n",
    "    metrics.append(data.apply(lambda x: (x==\" \").sum(), axis=0))\n",
    "\n",
    "    # Summarize\n",
    "    data_meta = pd.concat(metrics, axis=1)\n",
    "    data_meta.columns = ['data_type', 'count_unique', 'count_null', \n",
    "                         'count_blank']\n",
    "    # we DO NOT WANT TO COUNG BLANK AS MISSING HERE\n",
    "#     data_meta['ppn_missing'] = (data_meta['count_null'] + \n",
    "#                                 data_meta['count_missing_passive'] + \n",
    "#                                 data_meta['count_missing_confirmed'] + \n",
    "#                                 data_meta['count_blank']) / len(data)\n",
    "    data_meta['ppn_missing'] = (data_meta['count_null'] \n",
    "                                ) / len(data)\n",
    "    return data_meta"
   ]
  },
  {
   "cell_type": "code",
   "execution_count": 11,
   "metadata": {},
   "outputs": [
    {
     "data": {
      "text/html": [
       "<div>\n",
       "<style scoped>\n",
       "    .dataframe tbody tr th:only-of-type {\n",
       "        vertical-align: middle;\n",
       "    }\n",
       "\n",
       "    .dataframe tbody tr th {\n",
       "        vertical-align: top;\n",
       "    }\n",
       "\n",
       "    .dataframe thead th {\n",
       "        text-align: right;\n",
       "    }\n",
       "</style>\n",
       "<table border=\"1\" class=\"dataframe\">\n",
       "  <thead>\n",
       "    <tr style=\"text-align: right;\">\n",
       "      <th></th>\n",
       "      <th>data_type</th>\n",
       "      <th>count_unique</th>\n",
       "      <th>count_null</th>\n",
       "      <th>count_blank</th>\n",
       "      <th>ppn_missing</th>\n",
       "    </tr>\n",
       "  </thead>\n",
       "  <tbody>\n",
       "    <tr>\n",
       "      <th>loan_amnt</th>\n",
       "      <td>float64</td>\n",
       "      <td>1372</td>\n",
       "      <td>0</td>\n",
       "      <td>0</td>\n",
       "      <td>0.0</td>\n",
       "    </tr>\n",
       "    <tr>\n",
       "      <th>funded_amnt</th>\n",
       "      <td>float64</td>\n",
       "      <td>1372</td>\n",
       "      <td>0</td>\n",
       "      <td>0</td>\n",
       "      <td>0.0</td>\n",
       "    </tr>\n",
       "    <tr>\n",
       "      <th>term</th>\n",
       "      <td>object</td>\n",
       "      <td>2</td>\n",
       "      <td>0</td>\n",
       "      <td>0</td>\n",
       "      <td>0.0</td>\n",
       "    </tr>\n",
       "    <tr>\n",
       "      <th>int_rate</th>\n",
       "      <td>float64</td>\n",
       "      <td>542</td>\n",
       "      <td>0</td>\n",
       "      <td>0</td>\n",
       "      <td>0.0</td>\n",
       "    </tr>\n",
       "    <tr>\n",
       "      <th>grade</th>\n",
       "      <td>object</td>\n",
       "      <td>7</td>\n",
       "      <td>0</td>\n",
       "      <td>0</td>\n",
       "      <td>0.0</td>\n",
       "    </tr>\n",
       "    <tr>\n",
       "      <th>annual_inc</th>\n",
       "      <td>float64</td>\n",
       "      <td>49385</td>\n",
       "      <td>0</td>\n",
       "      <td>0</td>\n",
       "      <td>0.0</td>\n",
       "    </tr>\n",
       "    <tr>\n",
       "      <th>issue_d</th>\n",
       "      <td>object</td>\n",
       "      <td>103</td>\n",
       "      <td>0</td>\n",
       "      <td>0</td>\n",
       "      <td>0.0</td>\n",
       "    </tr>\n",
       "    <tr>\n",
       "      <th>dti</th>\n",
       "      <td>float64</td>\n",
       "      <td>4086</td>\n",
       "      <td>0</td>\n",
       "      <td>0</td>\n",
       "      <td>0.0</td>\n",
       "    </tr>\n",
       "    <tr>\n",
       "      <th>revol_bal</th>\n",
       "      <td>float64</td>\n",
       "      <td>73740</td>\n",
       "      <td>0</td>\n",
       "      <td>0</td>\n",
       "      <td>0.0</td>\n",
       "    </tr>\n",
       "    <tr>\n",
       "      <th>total_pymnt</th>\n",
       "      <td>float64</td>\n",
       "      <td>506726</td>\n",
       "      <td>0</td>\n",
       "      <td>0</td>\n",
       "      <td>0.0</td>\n",
       "    </tr>\n",
       "    <tr>\n",
       "      <th>loan_status</th>\n",
       "      <td>object</td>\n",
       "      <td>10</td>\n",
       "      <td>0</td>\n",
       "      <td>0</td>\n",
       "      <td>0.0</td>\n",
       "    </tr>\n",
       "  </tbody>\n",
       "</table>\n",
       "</div>"
      ],
      "text/plain": [
       "            data_type  count_unique  count_null  count_blank  ppn_missing\n",
       "loan_amnt     float64          1372           0            0          0.0\n",
       "funded_amnt   float64          1372           0            0          0.0\n",
       "term           object             2           0            0          0.0\n",
       "int_rate      float64           542           0            0          0.0\n",
       "grade          object             7           0            0          0.0\n",
       "annual_inc    float64         49385           0            0          0.0\n",
       "issue_d        object           103           0            0          0.0\n",
       "dti           float64          4086           0            0          0.0\n",
       "revol_bal     float64         73740           0            0          0.0\n",
       "total_pymnt   float64        506726           0            0          0.0\n",
       "loan_status    object            10           0            0          0.0"
      ]
     },
     "execution_count": 11,
     "metadata": {},
     "output_type": "execute_result"
    }
   ],
   "source": [
    "meta = get_meta_data(df_loan)\n",
    "meta"
   ]
  },
  {
   "cell_type": "code",
   "execution_count": 12,
   "metadata": {},
   "outputs": [],
   "source": [
    "# issue date convert to pandas daretime object\n",
    "df_loan['issue_d']=pd.to_datetime(df_loan['issue_d'])"
   ]
  },
  {
   "cell_type": "code",
   "execution_count": 13,
   "metadata": {},
   "outputs": [],
   "source": [
    "# convert to categorical where appropriate\n",
    "cols_categorical = ['term','grade','loan_status']\n",
    "for c in cols_categorical:\n",
    "    df_loan[c] = df_loan[c].astype('category')"
   ]
  },
  {
   "cell_type": "code",
   "execution_count": 14,
   "metadata": {},
   "outputs": [],
   "source": [
    "df_loan['issue_year'] = df_loan.issue_d.dt.year"
   ]
  },
  {
   "cell_type": "code",
   "execution_count": 15,
   "metadata": {},
   "outputs": [],
   "source": [
    "continuous = [col for col in df_loan.columns if df_loan[col].dtype in ['float64','int64']]"
   ]
  },
  {
   "cell_type": "code",
   "execution_count": 16,
   "metadata": {},
   "outputs": [],
   "source": [
    "continuous.remove('issue_year')"
   ]
  },
  {
   "cell_type": "code",
   "execution_count": 18,
   "metadata": {},
   "outputs": [
    {
     "data": {
      "text/plain": [
       "['loan_amnt',\n",
       " 'funded_amnt',\n",
       " 'int_rate',\n",
       " 'annual_inc',\n",
       " 'dti',\n",
       " 'revol_bal',\n",
       " 'total_pymnt']"
      ]
     },
     "execution_count": 18,
     "metadata": {},
     "output_type": "execute_result"
    }
   ],
   "source": [
    "# continuous features\n",
    "continuous"
   ]
  },
  {
   "cell_type": "code",
   "execution_count": 19,
   "metadata": {},
   "outputs": [],
   "source": [
    "categorical = df_loan.columns.difference(continuous+['issue_d'])"
   ]
  },
  {
   "cell_type": "code",
   "execution_count": 20,
   "metadata": {},
   "outputs": [],
   "source": [
    "categorical = categorical.tolist()"
   ]
  },
  {
   "cell_type": "code",
   "execution_count": 21,
   "metadata": {},
   "outputs": [
    {
     "data": {
      "text/plain": [
       "['grade', 'issue_year', 'loan_status', 'term']"
      ]
     },
     "execution_count": 21,
     "metadata": {},
     "output_type": "execute_result"
    }
   ],
   "source": [
    "# categorical features\n",
    "categorical"
   ]
  },
  {
   "cell_type": "markdown",
   "metadata": {},
   "source": [
    "## Create 'default_loan' category as per part 2)"
   ]
  },
  {
   "cell_type": "markdown",
   "metadata": {},
   "source": [
    "Here, we pre-process our data in the same way as in the first part of the Challenge"
   ]
  },
  {
   "cell_type": "code",
   "execution_count": 22,
   "metadata": {},
   "outputs": [
    {
     "data": {
      "text/plain": [
       "' 36 months'"
      ]
     },
     "execution_count": 22,
     "metadata": {},
     "output_type": "execute_result"
    }
   ],
   "source": [
    "df_loan.term.unique()[0]"
   ]
  },
  {
   "cell_type": "code",
   "execution_count": 23,
   "metadata": {},
   "outputs": [],
   "source": [
    "df_loan.term = df_loan.term.apply(lambda x: x.strip(' '))"
   ]
  },
  {
   "cell_type": "code",
   "execution_count": 24,
   "metadata": {},
   "outputs": [],
   "source": [
    "df_36 = df_loan.loc[df_loan.term=='36 months',:]"
   ]
  },
  {
   "cell_type": "code",
   "execution_count": 25,
   "metadata": {},
   "outputs": [
    {
     "data": {
      "text/html": [
       "<div>\n",
       "<style scoped>\n",
       "    .dataframe tbody tr th:only-of-type {\n",
       "        vertical-align: middle;\n",
       "    }\n",
       "\n",
       "    .dataframe tbody tr th {\n",
       "        vertical-align: top;\n",
       "    }\n",
       "\n",
       "    .dataframe thead th {\n",
       "        text-align: right;\n",
       "    }\n",
       "</style>\n",
       "<table border=\"1\" class=\"dataframe\">\n",
       "  <thead>\n",
       "    <tr style=\"text-align: right;\">\n",
       "      <th></th>\n",
       "      <th>loan_amnt</th>\n",
       "      <th>funded_amnt</th>\n",
       "      <th>term</th>\n",
       "      <th>int_rate</th>\n",
       "      <th>grade</th>\n",
       "      <th>annual_inc</th>\n",
       "      <th>issue_d</th>\n",
       "      <th>dti</th>\n",
       "      <th>revol_bal</th>\n",
       "      <th>total_pymnt</th>\n",
       "      <th>loan_status</th>\n",
       "      <th>issue_year</th>\n",
       "    </tr>\n",
       "  </thead>\n",
       "  <tbody>\n",
       "    <tr>\n",
       "      <th>0</th>\n",
       "      <td>5000.0</td>\n",
       "      <td>5000.0</td>\n",
       "      <td>36 months</td>\n",
       "      <td>10.65</td>\n",
       "      <td>B</td>\n",
       "      <td>24000.0</td>\n",
       "      <td>2011-12-01</td>\n",
       "      <td>27.65</td>\n",
       "      <td>13648.0</td>\n",
       "      <td>5861.071414</td>\n",
       "      <td>Fully Paid</td>\n",
       "      <td>2011</td>\n",
       "    </tr>\n",
       "    <tr>\n",
       "      <th>2</th>\n",
       "      <td>2400.0</td>\n",
       "      <td>2400.0</td>\n",
       "      <td>36 months</td>\n",
       "      <td>15.96</td>\n",
       "      <td>C</td>\n",
       "      <td>12252.0</td>\n",
       "      <td>2011-12-01</td>\n",
       "      <td>8.72</td>\n",
       "      <td>2956.0</td>\n",
       "      <td>3003.653644</td>\n",
       "      <td>Fully Paid</td>\n",
       "      <td>2011</td>\n",
       "    </tr>\n",
       "    <tr>\n",
       "      <th>3</th>\n",
       "      <td>10000.0</td>\n",
       "      <td>10000.0</td>\n",
       "      <td>36 months</td>\n",
       "      <td>13.49</td>\n",
       "      <td>C</td>\n",
       "      <td>49200.0</td>\n",
       "      <td>2011-12-01</td>\n",
       "      <td>20.00</td>\n",
       "      <td>5598.0</td>\n",
       "      <td>12226.302212</td>\n",
       "      <td>Fully Paid</td>\n",
       "      <td>2011</td>\n",
       "    </tr>\n",
       "    <tr>\n",
       "      <th>5</th>\n",
       "      <td>5000.0</td>\n",
       "      <td>5000.0</td>\n",
       "      <td>36 months</td>\n",
       "      <td>7.90</td>\n",
       "      <td>A</td>\n",
       "      <td>36000.0</td>\n",
       "      <td>2011-12-01</td>\n",
       "      <td>11.20</td>\n",
       "      <td>7963.0</td>\n",
       "      <td>5631.377753</td>\n",
       "      <td>Fully Paid</td>\n",
       "      <td>2011</td>\n",
       "    </tr>\n",
       "    <tr>\n",
       "      <th>7</th>\n",
       "      <td>3000.0</td>\n",
       "      <td>3000.0</td>\n",
       "      <td>36 months</td>\n",
       "      <td>18.64</td>\n",
       "      <td>E</td>\n",
       "      <td>48000.0</td>\n",
       "      <td>2011-12-01</td>\n",
       "      <td>5.35</td>\n",
       "      <td>8221.0</td>\n",
       "      <td>3938.144334</td>\n",
       "      <td>Fully Paid</td>\n",
       "      <td>2011</td>\n",
       "    </tr>\n",
       "  </tbody>\n",
       "</table>\n",
       "</div>"
      ],
      "text/plain": [
       "   loan_amnt  funded_amnt       term  int_rate grade  annual_inc    issue_d  \\\n",
       "0     5000.0       5000.0  36 months     10.65     B     24000.0 2011-12-01   \n",
       "2     2400.0       2400.0  36 months     15.96     C     12252.0 2011-12-01   \n",
       "3    10000.0      10000.0  36 months     13.49     C     49200.0 2011-12-01   \n",
       "5     5000.0       5000.0  36 months      7.90     A     36000.0 2011-12-01   \n",
       "7     3000.0       3000.0  36 months     18.64     E     48000.0 2011-12-01   \n",
       "\n",
       "     dti  revol_bal   total_pymnt loan_status  issue_year  \n",
       "0  27.65    13648.0   5861.071414  Fully Paid        2011  \n",
       "2   8.72     2956.0   3003.653644  Fully Paid        2011  \n",
       "3  20.00     5598.0  12226.302212  Fully Paid        2011  \n",
       "5  11.20     7963.0   5631.377753  Fully Paid        2011  \n",
       "7   5.35     8221.0   3938.144334  Fully Paid        2011  "
      ]
     },
     "execution_count": 25,
     "metadata": {},
     "output_type": "execute_result"
    }
   ],
   "source": [
    "df_36.head()"
   ]
  },
  {
   "cell_type": "code",
   "execution_count": 26,
   "metadata": {},
   "outputs": [
    {
     "name": "stdout",
     "output_type": "stream",
     "text": [
      "we have 621125 of 36 months term loans available for analysis.\n"
     ]
    }
   ],
   "source": [
    "print(f'we have {df_36.shape[0]} of 36 months term loans available for analysis.')"
   ]
  },
  {
   "cell_type": "markdown",
   "metadata": {},
   "source": [
    "Exclude loans with less than 36 months of data available:\n",
    "\n",
    "I look at the latest date in the dataset and assume that is the most 'current date'\n",
    "\n",
    "Then I exlude loans which were issued after (maximum_date - 36 months) to get only loans with 36 months or more worth of data"
   ]
  },
  {
   "cell_type": "code",
   "execution_count": 27,
   "metadata": {},
   "outputs": [
    {
     "name": "stdout",
     "output_type": "stream",
     "text": [
      "Exclude loans issued after 2013-02-26 00:00:00\n"
     ]
    }
   ],
   "source": [
    "cutoff_date = np.max(df_36.issue_d) - pd.Timedelta(weeks=36*4)\n",
    "print(f'Exclude loans issued after {cutoff_date}')"
   ]
  },
  {
   "cell_type": "code",
   "execution_count": 28,
   "metadata": {},
   "outputs": [],
   "source": [
    "df_36 = df_36.loc[df_36.issue_d<=cutoff_date,:]"
   ]
  },
  {
   "cell_type": "code",
   "execution_count": 29,
   "metadata": {},
   "outputs": [
    {
     "name": "stdout",
     "output_type": "stream",
     "text": [
      "Latest loan with 36 months worth of data in current dataset issued on 2013-02-01 00:00:00\n"
     ]
    }
   ],
   "source": [
    "print(f'Latest loan with 36 months worth of data in current dataset issued on {df_36.issue_d.max()}')"
   ]
  },
  {
   "cell_type": "code",
   "execution_count": 30,
   "metadata": {},
   "outputs": [],
   "source": [
    "# cast df to old namespace\n",
    "import gc\n",
    "del df_loan\n",
    "gc.collect() # clean memory (python garbage collector)\n",
    "df_loan = df_36.copy(deep=True)"
   ]
  },
  {
   "cell_type": "code",
   "execution_count": 31,
   "metadata": {},
   "outputs": [
    {
     "data": {
      "text/plain": [
       "36 months    86552\n",
       "60 months        0\n",
       "Name: term, dtype: int64"
      ]
     },
     "execution_count": 31,
     "metadata": {},
     "output_type": "execute_result"
    }
   ],
   "source": [
    "df_loan.term.value_counts()"
   ]
  },
  {
   "cell_type": "code",
   "execution_count": 32,
   "metadata": {},
   "outputs": [],
   "source": [
    "# drop term since we are only looking at 36 months loans\n",
    "df_loan = df_loan.drop('term',axis=1)"
   ]
  },
  {
   "cell_type": "code",
   "execution_count": 33,
   "metadata": {},
   "outputs": [],
   "source": [
    "## create feature indicating whether loan defaulted or not\n",
    "# convert loan status to binary good/bad loans\n",
    "\n",
    "fully_paid = [\"Fully Paid\"]\n",
    "\n",
    "df_loan['defaulted_loan'] = np.nan\n",
    "\n",
    "def loan_condition(status):\n",
    "    if status in fully_paid:\n",
    "        return 'Paid'\n",
    "    else:\n",
    "        return 'Defaulted'\n",
    "    \n",
    "    \n",
    "df_loan['defaulted_loan'] = df_loan['loan_status'].apply(loan_condition)\n",
    "\n",
    "df_loan[\"defaulted_loan_int\"] = df_loan[\"defaulted_loan\"].apply(lambda x: 0 if x== 'Paid' else 1)"
   ]
  },
  {
   "cell_type": "code",
   "execution_count": 34,
   "metadata": {},
   "outputs": [
    {
     "name": "stdout",
     "output_type": "stream",
     "text": [
      "Percentage of loans fully paid: 81.5%\n"
     ]
    }
   ],
   "source": [
    "print(f'Percentage of loans fully paid: {np.round(df_loan.loan_status[df_loan.loan_status==\"Fully Paid\"].count()/df_loan.loan_status.count(),3)*100}%')"
   ]
  },
  {
   "cell_type": "code",
   "execution_count": 35,
   "metadata": {},
   "outputs": [
    {
     "data": {
      "text/html": [
       "<div>\n",
       "<style scoped>\n",
       "    .dataframe tbody tr th:only-of-type {\n",
       "        vertical-align: middle;\n",
       "    }\n",
       "\n",
       "    .dataframe tbody tr th {\n",
       "        vertical-align: top;\n",
       "    }\n",
       "\n",
       "    .dataframe thead th {\n",
       "        text-align: right;\n",
       "    }\n",
       "</style>\n",
       "<table border=\"1\" class=\"dataframe\">\n",
       "  <thead>\n",
       "    <tr style=\"text-align: right;\">\n",
       "      <th></th>\n",
       "      <th>loan_amnt</th>\n",
       "      <th>funded_amnt</th>\n",
       "      <th>int_rate</th>\n",
       "      <th>grade</th>\n",
       "      <th>annual_inc</th>\n",
       "      <th>issue_d</th>\n",
       "      <th>dti</th>\n",
       "      <th>revol_bal</th>\n",
       "      <th>total_pymnt</th>\n",
       "      <th>loan_status</th>\n",
       "      <th>issue_year</th>\n",
       "      <th>defaulted_loan</th>\n",
       "      <th>defaulted_loan_int</th>\n",
       "    </tr>\n",
       "  </thead>\n",
       "  <tbody>\n",
       "    <tr>\n",
       "      <th>0</th>\n",
       "      <td>5000.0</td>\n",
       "      <td>5000.0</td>\n",
       "      <td>10.65</td>\n",
       "      <td>B</td>\n",
       "      <td>24000.0</td>\n",
       "      <td>2011-12-01</td>\n",
       "      <td>27.65</td>\n",
       "      <td>13648.0</td>\n",
       "      <td>5861.071414</td>\n",
       "      <td>Fully Paid</td>\n",
       "      <td>2011</td>\n",
       "      <td>Paid</td>\n",
       "      <td>0</td>\n",
       "    </tr>\n",
       "    <tr>\n",
       "      <th>2</th>\n",
       "      <td>2400.0</td>\n",
       "      <td>2400.0</td>\n",
       "      <td>15.96</td>\n",
       "      <td>C</td>\n",
       "      <td>12252.0</td>\n",
       "      <td>2011-12-01</td>\n",
       "      <td>8.72</td>\n",
       "      <td>2956.0</td>\n",
       "      <td>3003.653644</td>\n",
       "      <td>Fully Paid</td>\n",
       "      <td>2011</td>\n",
       "      <td>Paid</td>\n",
       "      <td>0</td>\n",
       "    </tr>\n",
       "    <tr>\n",
       "      <th>3</th>\n",
       "      <td>10000.0</td>\n",
       "      <td>10000.0</td>\n",
       "      <td>13.49</td>\n",
       "      <td>C</td>\n",
       "      <td>49200.0</td>\n",
       "      <td>2011-12-01</td>\n",
       "      <td>20.00</td>\n",
       "      <td>5598.0</td>\n",
       "      <td>12226.302212</td>\n",
       "      <td>Fully Paid</td>\n",
       "      <td>2011</td>\n",
       "      <td>Paid</td>\n",
       "      <td>0</td>\n",
       "    </tr>\n",
       "    <tr>\n",
       "      <th>5</th>\n",
       "      <td>5000.0</td>\n",
       "      <td>5000.0</td>\n",
       "      <td>7.90</td>\n",
       "      <td>A</td>\n",
       "      <td>36000.0</td>\n",
       "      <td>2011-12-01</td>\n",
       "      <td>11.20</td>\n",
       "      <td>7963.0</td>\n",
       "      <td>5631.377753</td>\n",
       "      <td>Fully Paid</td>\n",
       "      <td>2011</td>\n",
       "      <td>Paid</td>\n",
       "      <td>0</td>\n",
       "    </tr>\n",
       "    <tr>\n",
       "      <th>7</th>\n",
       "      <td>3000.0</td>\n",
       "      <td>3000.0</td>\n",
       "      <td>18.64</td>\n",
       "      <td>E</td>\n",
       "      <td>48000.0</td>\n",
       "      <td>2011-12-01</td>\n",
       "      <td>5.35</td>\n",
       "      <td>8221.0</td>\n",
       "      <td>3938.144334</td>\n",
       "      <td>Fully Paid</td>\n",
       "      <td>2011</td>\n",
       "      <td>Paid</td>\n",
       "      <td>0</td>\n",
       "    </tr>\n",
       "  </tbody>\n",
       "</table>\n",
       "</div>"
      ],
      "text/plain": [
       "   loan_amnt  funded_amnt  int_rate grade  annual_inc    issue_d    dti  \\\n",
       "0     5000.0       5000.0     10.65     B     24000.0 2011-12-01  27.65   \n",
       "2     2400.0       2400.0     15.96     C     12252.0 2011-12-01   8.72   \n",
       "3    10000.0      10000.0     13.49     C     49200.0 2011-12-01  20.00   \n",
       "5     5000.0       5000.0      7.90     A     36000.0 2011-12-01  11.20   \n",
       "7     3000.0       3000.0     18.64     E     48000.0 2011-12-01   5.35   \n",
       "\n",
       "   revol_bal   total_pymnt loan_status  issue_year defaulted_loan  \\\n",
       "0    13648.0   5861.071414  Fully Paid        2011           Paid   \n",
       "2     2956.0   3003.653644  Fully Paid        2011           Paid   \n",
       "3     5598.0  12226.302212  Fully Paid        2011           Paid   \n",
       "5     7963.0   5631.377753  Fully Paid        2011           Paid   \n",
       "7     8221.0   3938.144334  Fully Paid        2011           Paid   \n",
       "\n",
       "   defaulted_loan_int  \n",
       "0                   0  \n",
       "2                   0  \n",
       "3                   0  \n",
       "5                   0  \n",
       "7                   0  "
      ]
     },
     "execution_count": 35,
     "metadata": {},
     "output_type": "execute_result"
    }
   ],
   "source": [
    "df_loan.head()"
   ]
  },
  {
   "cell_type": "code",
   "execution_count": 36,
   "metadata": {},
   "outputs": [],
   "source": [
    "# look at correlations in the data set"
   ]
  },
  {
   "cell_type": "code",
   "execution_count": 37,
   "metadata": {},
   "outputs": [
    {
     "data": {
      "application/vnd.plotly.v1+json": {
       "data": [
        {
         "colorbar": {
          "tickmode": "array",
          "ticks": "outside",
          "ticktext": [
           "Negative Correlation",
           "Low Correlation",
           "Positive Correlation"
          ],
          "tickvals": [
           -0.52,
           0.2,
           0.95
          ],
          "title": "Level of Correlation",
          "titleside": "top"
         },
         "colorscale": [
          [
           0,
           "rgb(165,0,38)"
          ],
          [
           0.1111111111111111,
           "rgb(215,48,39)"
          ],
          [
           0.2222222222222222,
           "rgb(244,109,67)"
          ],
          [
           0.3333333333333333,
           "rgb(253,174,97)"
          ],
          [
           0.4444444444444444,
           "rgb(254,224,144)"
          ],
          [
           0.5555555555555556,
           "rgb(224,243,248)"
          ],
          [
           0.6666666666666666,
           "rgb(171,217,233)"
          ],
          [
           0.7777777777777778,
           "rgb(116,173,209)"
          ],
          [
           0.8888888888888888,
           "rgb(69,117,180)"
          ],
          [
           1,
           "rgb(49,54,149)"
          ]
         ],
         "type": "heatmap",
         "x": [
          "loan_amnt",
          "funded_amnt",
          "int_rate",
          "annual_inc",
          "dti",
          "revol_bal",
          "total_pymnt",
          "issue_year",
          "defaulted_loan_int"
         ],
         "y": [
          "loan_amnt",
          "funded_amnt",
          "int_rate",
          "annual_inc",
          "dti",
          "revol_bal",
          "total_pymnt",
          "issue_year",
          "defaulted_loan_int"
         ],
         "z": [
          [
           1,
           0.9964788718925972,
           0.12817097045908665,
           0.2868128432068582,
           0.056332463072979,
           0.2819049853331825,
           0.9302921069879976,
           0.1756829040406365,
           0.014823177198094
          ],
          [
           0.9964788718925972,
           1,
           0.1323680537386615,
           0.2854208948275962,
           0.058582609721734846,
           0.2799151381142229,
           0.9337717994371837,
           0.18712259762959188,
           0.014704962089314919
          ],
          [
           0.12817097045908665,
           0.1323680537386615,
           1,
           -0.023282352743653163,
           0.17077969384460367,
           0.026554061898408195,
           0.14677149895062896,
           0.12824164959372145,
           0.1764632393023287
          ],
          [
           0.2868128432068582,
           0.2854208948275962,
           -0.023282352743653163,
           1,
           -0.14418807210652396,
           0.2990804362318715,
           0.2744872905832016,
           0.014448453383727541,
           -0.02990245001499572
          ],
          [
           0.056332463072979,
           0.058582609721734846,
           0.17077969384460367,
           -0.14418807210652396,
           1,
           0.16252385341108963,
           0.056701789721726174,
           0.21272701353675713,
           0.06762852385684047
          ],
          [
           0.2819049853331825,
           0.2799151381142229,
           0.026554061898408195,
           0.2990804362318715,
           0.16252385341108963,
           1,
           0.25960345597131806,
           0.006630635725148608,
           0.05414702811939326
          ],
          [
           0.9302921069879976,
           0.9337717994371837,
           0.14677149895062896,
           0.2744872905832016,
           0.056701789721726174,
           0.25960345597131806,
           1,
           0.18487071580238,
           -0.18637418168248773
          ],
          [
           0.1756829040406365,
           0.18712259762959188,
           0.12824164959372145,
           0.014448453383727541,
           0.21272701353675713,
           0.006630635725148608,
           0.18487071580238,
           1,
           -0.019395456606176423
          ],
          [
           0.014823177198094,
           0.014704962089314919,
           0.1764632393023287,
           -0.02990245001499572,
           0.06762852385684047,
           0.05414702811939326,
           -0.18637418168248773,
           -0.019395456606176423,
           1
          ]
         ]
        }
       ],
       "layout": {
        "title": "Correlation Heatmap"
       }
      },
      "text/html": [
       "<div id=\"afcefcd5-c1b0-46a9-82f0-2485071131a3\" style=\"height: 525px; width: 100%;\" class=\"plotly-graph-div\"></div><script type=\"text/javascript\">require([\"plotly\"], function(Plotly) { window.PLOTLYENV=window.PLOTLYENV || {};window.PLOTLYENV.BASE_URL=\"https://plot.ly\";Plotly.newPlot(\"afcefcd5-c1b0-46a9-82f0-2485071131a3\", [{\"type\": \"heatmap\", \"z\": [[1.0, 0.9964788718925972, 0.12817097045908665, 0.2868128432068582, 0.056332463072979, 0.2819049853331825, 0.9302921069879976, 0.1756829040406365, 0.014823177198094], [0.9964788718925972, 1.0, 0.1323680537386615, 0.2854208948275962, 0.058582609721734846, 0.2799151381142229, 0.9337717994371837, 0.18712259762959188, 0.014704962089314919], [0.12817097045908665, 0.1323680537386615, 1.0, -0.023282352743653163, 0.17077969384460367, 0.026554061898408195, 0.14677149895062896, 0.12824164959372145, 0.1764632393023287], [0.2868128432068582, 0.2854208948275962, -0.023282352743653163, 1.0, -0.14418807210652396, 0.2990804362318715, 0.2744872905832016, 0.014448453383727541, -0.02990245001499572], [0.056332463072979, 0.058582609721734846, 0.17077969384460367, -0.14418807210652396, 1.0, 0.16252385341108963, 0.056701789721726174, 0.21272701353675713, 0.06762852385684047], [0.2819049853331825, 0.2799151381142229, 0.026554061898408195, 0.2990804362318715, 0.16252385341108963, 1.0, 0.25960345597131806, 0.006630635725148608, 0.05414702811939326], [0.9302921069879976, 0.9337717994371837, 0.14677149895062896, 0.2744872905832016, 0.056701789721726174, 0.25960345597131806, 1.0, 0.18487071580238, -0.18637418168248773], [0.1756829040406365, 0.18712259762959188, 0.12824164959372145, 0.014448453383727541, 0.21272701353675713, 0.006630635725148608, 0.18487071580238, 1.0, -0.019395456606176423], [0.014823177198094, 0.014704962089314919, 0.1764632393023287, -0.02990245001499572, 0.06762852385684047, 0.05414702811939326, -0.18637418168248773, -0.019395456606176423, 1.0]], \"x\": [\"loan_amnt\", \"funded_amnt\", \"int_rate\", \"annual_inc\", \"dti\", \"revol_bal\", \"total_pymnt\", \"issue_year\", \"defaulted_loan_int\"], \"y\": [\"loan_amnt\", \"funded_amnt\", \"int_rate\", \"annual_inc\", \"dti\", \"revol_bal\", \"total_pymnt\", \"issue_year\", \"defaulted_loan_int\"], \"colorscale\": [[0.0, \"rgb(165,0,38)\"], [0.1111111111111111, \"rgb(215,48,39)\"], [0.2222222222222222, \"rgb(244,109,67)\"], [0.3333333333333333, \"rgb(253,174,97)\"], [0.4444444444444444, \"rgb(254,224,144)\"], [0.5555555555555556, \"rgb(224,243,248)\"], [0.6666666666666666, \"rgb(171,217,233)\"], [0.7777777777777778, \"rgb(116,173,209)\"], [0.8888888888888888, \"rgb(69,117,180)\"], [1.0, \"rgb(49,54,149)\"]], \"colorbar\": {\"title\": \"Level of Correlation\", \"titleside\": \"top\", \"tickmode\": \"array\", \"tickvals\": [-0.52, 0.2, 0.95], \"ticktext\": [\"Negative Correlation\", \"Low Correlation\", \"Positive Correlation\"], \"ticks\": \"outside\"}}], {\"title\": \"Correlation Heatmap\"}, {\"showLink\": true, \"linkText\": \"Export to plot.ly\"})});</script>"
      ],
      "text/vnd.plotly.v1+html": [
