{
 "cells": [
  {
   "cell_type": "markdown",
   "metadata": {},
   "source": [
    "## Modelling Lending Club Challenge"
   ]
  },
  {
   "cell_type": "markdown",
   "metadata": {},
   "source": [
    "#### Author: Filip Michalsky, October 22, 2018"
   ]
  },
  {
   "cell_type": "markdown",
   "metadata": {},
   "source": [
    "**Executive Summary**\n",
    "\n",
    "TBD"
   ]
  },
  {
   "cell_type": "code",
   "execution_count": 1,
   "metadata": {},
   "outputs": [
    {
     "data": {
      "text/html": [
       "<script>requirejs.config({paths: { 'plotly': ['https://cdn.plot.ly/plotly-latest.min']},});if(!window.Plotly) {{require(['plotly'],function(plotly) {window.Plotly=plotly;});}}</script>"
      ],
      "text/vnd.plotly.v1+html": [
       "<script>requirejs.config({paths: { 'plotly': ['https://cdn.plot.ly/plotly-latest.min']},});if(!window.Plotly) {{require(['plotly'],function(plotly) {window.Plotly=plotly;});}}</script>"
      ]
     },
     "metadata": {},
     "output_type": "display_data"
    }
   ],
   "source": [
    "# import libraries\n",
    "import numpy as np\n",
    "import pandas as pd\n",
    "import seaborn as sns\n",
    "import matplotlib.pyplot as plt\n",
    "from sklearn.cluster import KMeans\n",
    "%matplotlib inline\n",
    "\n",
    "from plotly.offline import download_plotlyjs, init_notebook_mode, plot, iplot\n",
    "init_notebook_mode(connected=True)\n",
    "import plotly.graph_objs as go"
   ]
  },
  {
   "cell_type": "markdown",
   "metadata": {},
   "source": [
    "## prepare data for modeling"
   ]
  },
  {
   "cell_type": "code",
   "execution_count": 2,
   "metadata": {},
   "outputs": [],
   "source": [
    "# Same as in part 1 of the Challenge, we will pre-process the data"
   ]
  },
  {
   "cell_type": "code",
   "execution_count": null,
   "metadata": {},
   "outputs": [],
   "source": [
    "df_loan = pd.read_csv(\"lending-club-loan-data/loan.csv\",low_memory=False)"
   ]
  },
  {
   "cell_type": "code",
   "execution_count": null,
   "metadata": {},
   "outputs": [],
   "source": [
    "# per instruction, only use these cols \n",
    "cols_keep = ['loan_amnt','funded_amnt','term','int_rate','grade',\\\n",
    "            'annual_inc','issue_d','dti','revol_bal','total_pymnt',\\\n",
    "            'loan_status']"
   ]
  },
  {
   "cell_type": "code",
   "execution_count": null,
   "metadata": {},
   "outputs": [],
   "source": [
    "df_loan.columns;"
   ]
  },
  {
   "cell_type": "code",
   "execution_count": null,
   "metadata": {},
   "outputs": [],
   "source": [
    "df_loan = df_loan.loc[:,cols_keep]"
   ]
  },
  {
   "cell_type": "code",
   "execution_count": null,
   "metadata": {},
   "outputs": [],
   "source": [
    "df_loan.shape"
   ]
  },
  {
   "cell_type": "code",
   "execution_count": null,
   "metadata": {},
   "outputs": [],
   "source": [
    "# Method to impute missing values from continuous variables using k-means clustering\n",
    "def kmeans_missing(X, n_clusters, max_iter=10):\n",
    "\n",
    "    # Initialize missing values to their column means\n",
    "    missing = ~np.isfinite(X)\n",
    "    mu = np.nanmean(X, 0, keepdims=1)\n",
    "    X_hat = np.where(missing, mu, X)\n",
    "\n",
    "    for i in range(max_iter):\n",
    "        if i > 0:\n",
    "            cls = KMeans(n_clusters, init=prev_centroids)\n",
    "        else:\n",
    "            cls = KMeans(n_clusters, n_init=1,n_jobs=-1)\n",
    "\n",
    "        # Perform clustering on the filled-in data\n",
    "        labels = cls.fit_predict(X_hat)\n",
    "        centroids = cls.cluster_centers_\n",
    "\n",
    "        # Fill in the missing values based on their cluster centroids\n",
    "        X_hat[missing] = centroids[labels][missing]\n",
    "\n",
    "        # When the labels have stopped changing then we have converged\n",
    "        if i > 0 and np.all(labels == prev_labels):\n",
    "            break\n",
    "\n",
    "        prev_labels = labels\n",
    "        prev_centroids = cls.cluster_centers_\n",
    "\n",
    "    return X_hat"
   ]
  },
  {
   "cell_type": "code",
   "execution_count": null,
   "metadata": {},
   "outputs": [],
   "source": [
    "df_loan.loc[:,['annual_inc']] = kmeans_missing(df_loan.loc[:,['annual_inc']],n_clusters=10,max_iter=10) # this will only work for numerical columns!"
   ]
  },
  {
   "cell_type": "code",
   "execution_count": null,
   "metadata": {},
   "outputs": [],
   "source": [
    "# ==================================\n",
    "# Column summaries\n",
    "# ==================================\n",
    "#data = train_df\n",
    "\n",
    "def get_meta_data(data):\n",
    "    # Define metrics to be determined for each column\n",
    "    metrics = []\n",
    "    metrics.append(data.dtypes)\n",
    "    metrics.append(data.apply(lambda x: x.nunique(), axis=0))\n",
    "    \n",
    "    metrics.append(data.apply(lambda x: x.isnull().sum(), axis=0))\n",
    "\n",
    "    metrics.append(data.apply(lambda x: (x==\" \").sum(), axis=0))\n",
    "\n",
    "    # Summarize\n",
    "    data_meta = pd.concat(metrics, axis=1)\n",
    "    data_meta.columns = ['data_type', 'count_unique', 'count_null', \n",
    "                         'count_blank']\n",
    "    # we DO NOT WANT TO COUNG BLANK AS MISSING HERE\n",
    "#     data_meta['ppn_missing'] = (data_meta['count_null'] + \n",
    "#                                 data_meta['count_missing_passive'] + \n",
    "#                                 data_meta['count_missing_confirmed'] + \n",
    "#                                 data_meta['count_blank']) / len(data)\n",
    "    data_meta['ppn_missing'] = (data_meta['count_null'] \n",
    "                                ) / len(data)\n",
    "    return data_meta"
   ]
  },
  {
   "cell_type": "code",
   "execution_count": null,
   "metadata": {},
   "outputs": [],
   "source": [
    "meta = get_meta_data(df_loan)\n",
    "meta"
   ]
  },
  {
   "cell_type": "code",
   "execution_count": null,
   "metadata": {},
   "outputs": [],
   "source": [
    "# issue date convert to pandas daretime object\n",
    "df_loan['issue_d']=pd.to_datetime(df_loan['issue_d'])"
   ]
  },
  {
   "cell_type": "code",
   "execution_count": null,
   "metadata": {},
   "outputs": [],
   "source": [
    "# convert to categorical where appropriate\n",
    "cols_categorical = ['term','grade','loan_status']\n",
    "for c in cols_categorical:\n",
    "    df_loan[c] = df_loan[c].astype('category')"
   ]
  },
  {
   "cell_type": "code",
   "execution_count": null,
   "metadata": {},
   "outputs": [],
   "source": [
    "df_loan['issue_year'] = df_loan.issue_d.dt.year"
   ]
  },
  {
   "cell_type": "code",
   "execution_count": null,
   "metadata": {},
   "outputs": [],
   "source": [
    "continuous = [col for col in df_loan.columns if df_loan[col].dtype in ['float64','int64']]"
   ]
  },
  {
   "cell_type": "code",
   "execution_count": null,
   "metadata": {},
   "outputs": [],
   "source": [
    "continuous.remove('issue_year')"
   ]
  },
  {
   "cell_type": "code",
   "execution_count": null,
   "metadata": {},
   "outputs": [],
   "source": [
    "# continuous features\n",
    "continuous"
   ]
  },
  {
   "cell_type": "code",
   "execution_count": 105,
   "metadata": {},
   "outputs": [],
   "source": [
    "categorical = df_loan.columns.difference(continuous+['issue_d'])"
   ]
  },
  {
   "cell_type": "code",
   "execution_count": 106,
   "metadata": {},
   "outputs": [],
   "source": [
    "categorical = categorical.tolist()"
   ]
  },
  {
   "cell_type": "code",
   "execution_count": 107,
   "metadata": {},
   "outputs": [
    {
     "data": {
      "text/plain": [
       "['grade', 'issue_year', 'loan_status', 'term']"
      ]
     },
     "execution_count": 107,
     "metadata": {},
     "output_type": "execute_result"
    }
   ],
   "source": [
    "# categorical features\n",
    "categorical"
   ]
  },
  {
   "cell_type": "markdown",
   "metadata": {},
   "source": [
    "## Create 'default_loan' category as per part 2)"
   ]
  },
  {
   "cell_type": "markdown",
   "metadata": {},
   "source": [
    "Here, we pre-process our data in the same way as in the first part of the Challenge"
   ]
  },
  {
   "cell_type": "code",
   "execution_count": 108,
   "metadata": {},
   "outputs": [
    {
     "data": {
      "text/plain": [
       "' 36 months'"
      ]
     },
     "execution_count": 108,
     "metadata": {},
     "output_type": "execute_result"
    }
   ],
   "source": [
    "df_loan.term.unique()[0]"
   ]
  },
  {
   "cell_type": "code",
   "execution_count": 109,
   "metadata": {},
   "outputs": [],
   "source": [
    "df_loan.term = df_loan.term.apply(lambda x: x.strip(' '))"
   ]
  },
  {
   "cell_type": "code",
   "execution_count": 110,
   "metadata": {},
   "outputs": [],
   "source": [
    "df_36 = df_loan.loc[df_loan.term=='36 months',:]"
   ]
  },
  {
   "cell_type": "code",
   "execution_count": 111,
   "metadata": {},
   "outputs": [
    {
     "data": {
      "text/html": [
       "<div>\n",
       "<style scoped>\n",
       "    .dataframe tbody tr th:only-of-type {\n",
       "        vertical-align: middle;\n",
       "    }\n",
       "\n",
       "    .dataframe tbody tr th {\n",
       "        vertical-align: top;\n",
       "    }\n",
       "\n",
       "    .dataframe thead th {\n",
       "        text-align: right;\n",
       "    }\n",
       "</style>\n",
       "<table border=\"1\" class=\"dataframe\">\n",
       "  <thead>\n",
       "    <tr style=\"text-align: right;\">\n",
       "      <th></th>\n",
       "      <th>loan_amnt</th>\n",
       "      <th>funded_amnt</th>\n",
       "      <th>term</th>\n",
       "      <th>int_rate</th>\n",
       "      <th>grade</th>\n",
       "      <th>annual_inc</th>\n",
       "      <th>issue_d</th>\n",
       "      <th>dti</th>\n",
       "      <th>revol_bal</th>\n",
       "      <th>total_pymnt</th>\n",
       "      <th>loan_status</th>\n",
       "      <th>issue_year</th>\n",
       "    </tr>\n",
       "  </thead>\n",
       "  <tbody>\n",
       "    <tr>\n",
       "      <th>0</th>\n",
       "      <td>5000.0</td>\n",
       "      <td>5000.0</td>\n",
       "      <td>36 months</td>\n",
       "      <td>10.65</td>\n",
       "      <td>B</td>\n",
       "      <td>24000.0</td>\n",
       "      <td>2011-12-01</td>\n",
       "      <td>27.65</td>\n",
       "      <td>13648.0</td>\n",
       "      <td>5861.071414</td>\n",
       "      <td>Fully Paid</td>\n",
       "      <td>2011</td>\n",
       "    </tr>\n",
       "    <tr>\n",
       "      <th>2</th>\n",
       "      <td>2400.0</td>\n",
       "      <td>2400.0</td>\n",
       "      <td>36 months</td>\n",
       "      <td>15.96</td>\n",
       "      <td>C</td>\n",
       "      <td>12252.0</td>\n",
       "      <td>2011-12-01</td>\n",
       "      <td>8.72</td>\n",
       "      <td>2956.0</td>\n",
       "      <td>3003.653644</td>\n",
       "      <td>Fully Paid</td>\n",
       "      <td>2011</td>\n",
       "    </tr>\n",
       "    <tr>\n",
       "      <th>3</th>\n",
       "      <td>10000.0</td>\n",
       "      <td>10000.0</td>\n",
       "      <td>36 months</td>\n",
       "      <td>13.49</td>\n",
       "      <td>C</td>\n",
       "      <td>49200.0</td>\n",
       "      <td>2011-12-01</td>\n",
       "      <td>20.00</td>\n",
       "      <td>5598.0</td>\n",
       "      <td>12226.302212</td>\n",
       "      <td>Fully Paid</td>\n",
       "      <td>2011</td>\n",
       "    </tr>\n",
       "    <tr>\n",
       "      <th>5</th>\n",
       "      <td>5000.0</td>\n",
       "      <td>5000.0</td>\n",
       "      <td>36 months</td>\n",
       "      <td>7.90</td>\n",
       "      <td>A</td>\n",
       "      <td>36000.0</td>\n",
       "      <td>2011-12-01</td>\n",
       "      <td>11.20</td>\n",
       "      <td>7963.0</td>\n",
       "      <td>5631.377753</td>\n",
       "      <td>Fully Paid</td>\n",
       "      <td>2011</td>\n",
       "    </tr>\n",
       "    <tr>\n",
       "      <th>7</th>\n",
       "      <td>3000.0</td>\n",
       "      <td>3000.0</td>\n",
       "      <td>36 months</td>\n",
       "      <td>18.64</td>\n",
       "      <td>E</td>\n",
       "      <td>48000.0</td>\n",
       "      <td>2011-12-01</td>\n",
       "      <td>5.35</td>\n",
       "      <td>8221.0</td>\n",
       "      <td>3938.144334</td>\n",
       "      <td>Fully Paid</td>\n",
       "      <td>2011</td>\n",
       "    </tr>\n",
       "  </tbody>\n",
       "</table>\n",
       "</div>"
      ],
      "text/plain": [
       "   loan_amnt  funded_amnt       term  int_rate grade  annual_inc    issue_d  \\\n",
       "0     5000.0       5000.0  36 months     10.65     B     24000.0 2011-12-01   \n",
       "2     2400.0       2400.0  36 months     15.96     C     12252.0 2011-12-01   \n",
       "3    10000.0      10000.0  36 months     13.49     C     49200.0 2011-12-01   \n",
       "5     5000.0       5000.0  36 months      7.90     A     36000.0 2011-12-01   \n",
       "7     3000.0       3000.0  36 months     18.64     E     48000.0 2011-12-01   \n",
       "\n",
       "     dti  revol_bal   total_pymnt loan_status  issue_year  \n",
       "0  27.65    13648.0   5861.071414  Fully Paid        2011  \n",
       "2   8.72     2956.0   3003.653644  Fully Paid        2011  \n",
       "3  20.00     5598.0  12226.302212  Fully Paid        2011  \n",
       "5  11.20     7963.0   5631.377753  Fully Paid        2011  \n",
       "7   5.35     8221.0   3938.144334  Fully Paid        2011  "
      ]
     },
     "execution_count": 111,
     "metadata": {},
     "output_type": "execute_result"
    }
   ],
   "source": [
    "df_36.head()"
   ]
  },
  {
   "cell_type": "code",
   "execution_count": 112,
   "metadata": {},
   "outputs": [
    {
     "name": "stdout",
     "output_type": "stream",
     "text": [
      "we have 621125 of 36 months term loans available for analysis.\n"
     ]
    }
   ],
   "source": [
    "print(f'we have {df_36.shape[0]} of 36 months term loans available for analysis.')"
   ]
  },
  {
   "cell_type": "markdown",
   "metadata": {},
   "source": [
    "Exclude loans with less than 36 months of data available:\n",
    "\n",
    "I look at the latest date in the dataset and assume that is the most 'current date'\n",
    "\n",
    "Then I exlude loans which were issued after (maximum_date - 36 months) to get only loans with 36 months or more worth of data"
   ]
  },
  {
   "cell_type": "code",
   "execution_count": 113,
   "metadata": {},
   "outputs": [
    {
     "name": "stdout",
     "output_type": "stream",
     "text": [
      "Exclude loans issued after 2013-02-26 00:00:00\n"
     ]
    }
   ],
   "source": [
    "cutoff_date = np.max(df_36.issue_d) - pd.Timedelta(weeks=36*4)\n",
    "print(f'Exclude loans issued after {cutoff_date}')"
   ]
  },
  {
   "cell_type": "code",
   "execution_count": 114,
   "metadata": {},
   "outputs": [],
   "source": [
    "df_36 = df_36.loc[df_36.issue_d<=cutoff_date,:]"
   ]
  },
  {
   "cell_type": "code",
   "execution_count": 115,
   "metadata": {},
   "outputs": [
    {
     "name": "stdout",
     "output_type": "stream",
     "text": [
      "Latest loan with 36 months worth of data in current dataset issued on 2013-02-01 00:00:00\n"
     ]
    }
   ],
   "source": [
    "print(f'Latest loan with 36 months worth of data in current dataset issued on {df_36.issue_d.max()}')"
   ]
  },
  {
   "cell_type": "code",
   "execution_count": null,
   "metadata": {},
   "outputs": [],
   "source": []
  },
  {
   "cell_type": "code",
   "execution_count": 116,
   "metadata": {},
   "outputs": [],
   "source": [
    "# cast df to old namespace\n",
    "import gc\n",
    "del df_loan\n",
    "gc.collect() # clean memory (python garbage collector)\n",
    "df_loan = df_36.copy(deep=True)"
   ]
  },
  {
   "cell_type": "code",
   "execution_count": 118,
   "metadata": {},
   "outputs": [
    {
     "data": {
      "text/plain": [
       "36 months    86552\n",
       "60 months        0\n",
       "Name: term, dtype: int64"
      ]
     },
     "execution_count": 118,
     "metadata": {},
     "output_type": "execute_result"
    }
   ],
   "source": [
    "df_loan.term.value_counts()"
   ]
  },
  {
   "cell_type": "code",
   "execution_count": 119,
   "metadata": {},
   "outputs": [],
   "source": [
    "# drop term since we are only looking at 36 months loans\n",
    "df_loan = df_loan.drop('term',axis=1)"
   ]
  },
  {
   "cell_type": "code",
   "execution_count": 120,
   "metadata": {},
   "outputs": [],
   "source": [
    "## create feature indicating whether loan defaulted or not\n",
    "# convert loan status to binary good/bad loans\n",
    "\n",
    "fully_paid = [\"Fully Paid\"]\n",
    "\n",
    "df_loan['defaulted_loan'] = np.nan\n",
    "\n",
    "def loan_condition(status):\n",
    "    if status in fully_paid:\n",
    "        return 'Paid'\n",
    "    else:\n",
    "        return 'Defaulted'\n",
    "    \n",
    "    \n",
    "df_loan['defaulted_loan'] = df_loan['loan_status'].apply(loan_condition)\n",
    "\n",
    "df_loan[\"defaulted_loan_int\"] = df_loan[\"defaulted_loan\"].apply(lambda x: 0 if x== 'Paid' else 1)"
   ]
  },
  {
   "cell_type": "code",
   "execution_count": 121,
   "metadata": {},
   "outputs": [
    {
     "name": "stdout",
     "output_type": "stream",
     "text": [
      "Percentage of loans fully paid: 81.5%\n"
     ]
    }
   ],
   "source": [
    "print(f'Percentage of loans fully paid: {np.round(df_loan.loan_status[df_loan.loan_status==\"Fully Paid\"].count()/df_loan.loan_status.count(),3)*100}%')"
   ]
  },
  {
   "cell_type": "code",
   "execution_count": 122,
   "metadata": {},
   "outputs": [
    {
     "data": {
      "text/html": [
       "<div>\n",
       "<style scoped>\n",
       "    .dataframe tbody tr th:only-of-type {\n",
       "        vertical-align: middle;\n",
       "    }\n",
       "\n",
       "    .dataframe tbody tr th {\n",
       "        vertical-align: top;\n",
       "    }\n",
       "\n",
       "    .dataframe thead th {\n",
       "        text-align: right;\n",
       "    }\n",
       "</style>\n",
       "<table border=\"1\" class=\"dataframe\">\n",
       "  <thead>\n",
       "    <tr style=\"text-align: right;\">\n",
       "      <th></th>\n",
       "      <th>loan_amnt</th>\n",
       "      <th>funded_amnt</th>\n",
       "      <th>int_rate</th>\n",
       "      <th>grade</th>\n",
       "      <th>annual_inc</th>\n",
       "      <th>issue_d</th>\n",
       "      <th>dti</th>\n",
       "      <th>revol_bal</th>\n",
       "      <th>total_pymnt</th>\n",
       "      <th>loan_status</th>\n",
       "      <th>issue_year</th>\n",
       "      <th>defaulted_loan</th>\n",
       "      <th>defaulted_loan_int</th>\n",
       "    </tr>\n",
       "  </thead>\n",
       "  <tbody>\n",
       "    <tr>\n",
       "      <th>0</th>\n",
       "      <td>5000.0</td>\n",
       "      <td>5000.0</td>\n",
       "      <td>10.65</td>\n",
       "      <td>B</td>\n",
       "      <td>24000.0</td>\n",
       "      <td>2011-12-01</td>\n",
       "      <td>27.65</td>\n",
       "      <td>13648.0</td>\n",
       "      <td>5861.071414</td>\n",
       "      <td>Fully Paid</td>\n",
       "      <td>2011</td>\n",
       "      <td>Paid</td>\n",
       "      <td>0</td>\n",
       "    </tr>\n",
       "    <tr>\n",
       "      <th>2</th>\n",
       "      <td>2400.0</td>\n",
       "      <td>2400.0</td>\n",
       "      <td>15.96</td>\n",
       "      <td>C</td>\n",
       "      <td>12252.0</td>\n",
       "      <td>2011-12-01</td>\n",
       "      <td>8.72</td>\n",
       "      <td>2956.0</td>\n",
       "      <td>3003.653644</td>\n",
       "      <td>Fully Paid</td>\n",
       "      <td>2011</td>\n",
       "      <td>Paid</td>\n",
       "      <td>0</td>\n",
       "    </tr>\n",
       "    <tr>\n",
       "      <th>3</th>\n",
       "      <td>10000.0</td>\n",
       "      <td>10000.0</td>\n",
       "      <td>13.49</td>\n",
       "      <td>C</td>\n",
       "      <td>49200.0</td>\n",
       "      <td>2011-12-01</td>\n",
       "      <td>20.00</td>\n",
       "      <td>5598.0</td>\n",
       "      <td>12226.302212</td>\n",
       "      <td>Fully Paid</td>\n",
       "      <td>2011</td>\n",
       "      <td>Paid</td>\n",
       "      <td>0</td>\n",
       "    </tr>\n",
       "    <tr>\n",
       "      <th>5</th>\n",
       "      <td>5000.0</td>\n",
       "      <td>5000.0</td>\n",
       "      <td>7.90</td>\n",
       "      <td>A</td>\n",
       "      <td>36000.0</td>\n",
       "      <td>2011-12-01</td>\n",
       "      <td>11.20</td>\n",
       "      <td>7963.0</td>\n",
       "      <td>5631.377753</td>\n",
       "      <td>Fully Paid</td>\n",
       "      <td>2011</td>\n",
       "      <td>Paid</td>\n",
       "      <td>0</td>\n",
       "    </tr>\n",
       "    <tr>\n",
       "      <th>7</th>\n",
       "      <td>3000.0</td>\n",
       "      <td>3000.0</td>\n",
       "      <td>18.64</td>\n",
       "      <td>E</td>\n",
       "      <td>48000.0</td>\n",
       "      <td>2011-12-01</td>\n",
       "      <td>5.35</td>\n",
       "      <td>8221.0</td>\n",
       "      <td>3938.144334</td>\n",
       "      <td>Fully Paid</td>\n",
       "      <td>2011</td>\n",
       "      <td>Paid</td>\n",
       "      <td>0</td>\n",
       "    </tr>\n",
       "  </tbody>\n",
       "</table>\n",
       "</div>"
      ],
      "text/plain": [
       "   loan_amnt  funded_amnt  int_rate grade  annual_inc    issue_d    dti  \\\n",
       "0     5000.0       5000.0     10.65     B     24000.0 2011-12-01  27.65   \n",
       "2     2400.0       2400.0     15.96     C     12252.0 2011-12-01   8.72   \n",
       "3    10000.0      10000.0     13.49     C     49200.0 2011-12-01  20.00   \n",
       "5     5000.0       5000.0      7.90     A     36000.0 2011-12-01  11.20   \n",
       "7     3000.0       3000.0     18.64     E     48000.0 2011-12-01   5.35   \n",
       "\n",
       "   revol_bal   total_pymnt loan_status  issue_year defaulted_loan  \\\n",
       "0    13648.0   5861.071414  Fully Paid        2011           Paid   \n",
       "2     2956.0   3003.653644  Fully Paid        2011           Paid   \n",
       "3     5598.0  12226.302212  Fully Paid        2011           Paid   \n",
       "5     7963.0   5631.377753  Fully Paid        2011           Paid   \n",
       "7     8221.0   3938.144334  Fully Paid        2011           Paid   \n",
       "\n",
       "   defaulted_loan_int  \n",
       "0                   0  \n",
       "2                   0  \n",
       "3                   0  \n",
       "5                   0  \n",
       "7                   0  "
      ]
     },
     "execution_count": 122,
     "metadata": {},
     "output_type": "execute_result"
    }
   ],
   "source": [
    "df_loan.head()"
   ]
  },
  {
   "cell_type": "code",
   "execution_count": 33,
   "metadata": {},
   "outputs": [],
   "source": [
    "# look at correlations in the data set"
   ]
  },
  {
   "cell_type": "code",
   "execution_count": 123,
   "metadata": {},
   "outputs": [
    {
     "data": {
      "application/vnd.plotly.v1+json": {
       "data": [
        {
         "colorbar": {
          "tickmode": "array",
          "ticks": "outside",
          "ticktext": [
           "Negative Correlation",
           "Low Correlation",
           "Positive Correlation"
          ],
          "tickvals": [
           -0.52,
           0.2,
           0.95
          ],
          "title": "Level of Correlation",
          "titleside": "top"
         },
         "colorscale": [
          [
           0,
           "rgb(165,0,38)"
          ],
          [
           0.1111111111111111,
           "rgb(215,48,39)"
          ],
          [
           0.2222222222222222,
           "rgb(244,109,67)"
          ],
          [
           0.3333333333333333,
           "rgb(253,174,97)"
          ],
          [
           0.4444444444444444,
           "rgb(254,224,144)"
          ],
          [
           0.5555555555555556,
           "rgb(224,243,248)"
          ],
          [
           0.6666666666666666,
           "rgb(171,217,233)"
          ],
          [
           0.7777777777777778,
           "rgb(116,173,209)"
          ],
          [
           0.8888888888888888,
           "rgb(69,117,180)"
          ],
          [
           1,
           "rgb(49,54,149)"
          ]
         ],
         "type": "heatmap",
         "x": [
          "loan_amnt",
          "funded_amnt",
          "int_rate",
          "annual_inc",
          "dti",
          "revol_bal",
          "total_pymnt",
          "issue_year",
          "defaulted_loan_int"
         ],
         "y": [
          "loan_amnt",
          "funded_amnt",
          "int_rate",
          "annual_inc",
          "dti",
          "revol_bal",
          "total_pymnt",
          "issue_year",
          "defaulted_loan_int"
         ],
         "z": [
          [
           1,
           0.9964788718925972,
           0.12817097045908665,
           0.28681111135600723,
           0.056332463072979,
           0.2819049853331825,
           0.9302921069879976,
           0.1756829040406365,
           0.014823177198094
          ],
          [
           0.9964788718925972,
           1,
           0.1323680537386615,
           0.28541917467096556,
           0.058582609721734846,
           0.2799151381142229,
           0.9337717994371837,
           0.18712259762959188,
           0.014704962089314919
          ],
          [
           0.12817097045908665,
           0.1323680537386615,
           1,
           -0.023285325173495717,
           0.17077969384460367,
           0.026554061898408195,
           0.14677149895062896,
           0.12824164959372145,
           0.1764632393023287
          ],
          [
           0.28681111135600723,
           0.28541917467096556,
           -0.023285325173495717,
           1,
           -0.14419257438996883,
           0.2990785927942721,
           0.2744857691897389,
           0.014439613125887563,
           -0.02989722282567745
          ],
          [
           0.056332463072979,
           0.058582609721734846,
           0.17077969384460367,
           -0.14419257438996883,
           1,
           0.16252385341108963,
           0.056701789721726174,
           0.21272701353675713,
           0.06762852385684047
          ],
          [
           0.2819049853331825,
           0.2799151381142229,
           0.026554061898408195,
           0.2990785927942721,
           0.16252385341108963,
           1,
           0.25960345597131806,
           0.006630635725148608,
           0.05414702811939326
          ],
          [
           0.9302921069879976,
           0.9337717994371837,
           0.14677149895062896,
           0.2744857691897389,
           0.056701789721726174,
           0.25960345597131806,
           1,
           0.18487071580238,
           -0.18637418168248773
          ],
          [
           0.1756829040406365,
           0.18712259762959188,
           0.12824164959372145,
           0.014439613125887563,
           0.21272701353675713,
           0.006630635725148608,
           0.18487071580238,
           1,
           -0.019395456606176423
          ],
          [
           0.014823177198094,
           0.014704962089314919,
           0.1764632393023287,
           -0.02989722282567745,
           0.06762852385684047,
           0.05414702811939326,
           -0.18637418168248773,
           -0.019395456606176423,
           1
          ]
         ]
        }
       ],
       "layout": {
        "title": "Correlation Heatmap"
       }
      },
      "text/html": [
       "<div id=\"04e35f7c-b35b-4999-9f48-932fde30aada\" style=\"height: 525px; width: 100%;\" class=\"plotly-graph-div\"></div><script type=\"text/javascript\">require([\"plotly\"], function(Plotly) { window.PLOTLYENV=window.PLOTLYENV || {};window.PLOTLYENV.BASE_URL=\"https://plot.ly\";Plotly.newPlot(\"04e35f7c-b35b-4999-9f48-932fde30aada\", [{\"type\": \"heatmap\", \"z\": [[1.0, 0.9964788718925972, 0.12817097045908665, 0.28681111135600723, 0.056332463072979, 0.2819049853331825, 0.9302921069879976, 0.1756829040406365, 0.014823177198094], [0.9964788718925972, 1.0, 0.1323680537386615, 0.28541917467096556, 0.058582609721734846, 0.2799151381142229, 0.9337717994371837, 0.18712259762959188, 0.014704962089314919], [0.12817097045908665, 0.1323680537386615, 1.0, -0.023285325173495717, 0.17077969384460367, 0.026554061898408195, 0.14677149895062896, 0.12824164959372145, 0.1764632393023287], [0.28681111135600723, 0.28541917467096556, -0.023285325173495717, 1.0, -0.14419257438996883, 0.2990785927942721, 0.2744857691897389, 0.014439613125887563, -0.02989722282567745], [0.056332463072979, 0.058582609721734846, 0.17077969384460367, -0.14419257438996883, 1.0, 0.16252385341108963, 0.056701789721726174, 0.21272701353675713, 0.06762852385684047], [0.2819049853331825, 0.2799151381142229, 0.026554061898408195, 0.2990785927942721, 0.16252385341108963, 1.0, 0.25960345597131806, 0.006630635725148608, 0.05414702811939326], [0.9302921069879976, 0.9337717994371837, 0.14677149895062896, 0.2744857691897389, 0.056701789721726174, 0.25960345597131806, 1.0, 0.18487071580238, -0.18637418168248773], [0.1756829040406365, 0.18712259762959188, 0.12824164959372145, 0.014439613125887563, 0.21272701353675713, 0.006630635725148608, 0.18487071580238, 1.0, -0.019395456606176423], [0.014823177198094, 0.014704962089314919, 0.1764632393023287, -0.02989722282567745, 0.06762852385684047, 0.05414702811939326, -0.18637418168248773, -0.019395456606176423, 1.0]], \"x\": [\"loan_amnt\", \"funded_amnt\", \"int_rate\", \"annual_inc\", \"dti\", \"revol_bal\", \"total_pymnt\", \"issue_year\", \"defaulted_loan_int\"], \"y\": [\"loan_amnt\", \"funded_amnt\", \"int_rate\", \"annual_inc\", \"dti\", \"revol_bal\", \"total_pymnt\", \"issue_year\", \"defaulted_loan_int\"], \"colorscale\": [[0.0, \"rgb(165,0,38)\"], [0.1111111111111111, \"rgb(215,48,39)\"], [0.2222222222222222, \"rgb(244,109,67)\"], [0.3333333333333333, \"rgb(253,174,97)\"], [0.4444444444444444, \"rgb(254,224,144)\"], [0.5555555555555556, \"rgb(224,243,248)\"], [0.6666666666666666, \"rgb(171,217,233)\"], [0.7777777777777778, \"rgb(116,173,209)\"], [0.8888888888888888, \"rgb(69,117,180)\"], [1.0, \"rgb(49,54,149)\"]], \"colorbar\": {\"title\": \"Level of Correlation\", \"titleside\": \"top\", \"tickmode\": \"array\", \"tickvals\": [-0.52, 0.2, 0.95], \"ticktext\": [\"Negative Correlation\", \"Low Correlation\", \"Positive Correlation\"], \"ticks\": \"outside\"}}], {\"title\": \"Correlation Heatmap\"}, {\"showLink\": true, \"linkText\": \"Export to plot.ly\"})});</script>"
      ],
      "text/vnd.plotly.v1+html": [
       "<div id=\"04e35f7c-b35b-4999-9f48-932fde30aada\" style=\"height: 525px; width: 100%;\" class=\"plotly-graph-div\"></div><script type=\"text/javascript\">require([\"plotly\"], function(Plotly) { window.PLOTLYENV=window.PLOTLYENV || {};window.PLOTLYENV.BASE_URL=\"https://plot.ly\";Plotly.newPlot(\"04e35f7c-b35b-4999-9f48-932fde30aada\", [{\"type\": \"heatmap\", \"z\": [[1.0, 0.9964788718925972, 0.12817097045908665, 0.28681111135600723, 0.056332463072979, 0.2819049853331825, 0.9302921069879976, 0.1756829040406365, 0.014823177198094], [0.9964788718925972, 1.0, 0.1323680537386615, 0.28541917467096556, 0.058582609721734846, 0.2799151381142229, 0.9337717994371837, 0.18712259762959188, 0.014704962089314919], [0.12817097045908665, 0.1323680537386615, 1.0, -0.023285325173495717, 0.17077969384460367, 0.026554061898408195, 0.14677149895062896, 0.12824164959372145, 0.1764632393023287], [0.28681111135600723, 0.28541917467096556, -0.023285325173495717, 1.0, -0.14419257438996883, 0.2990785927942721, 0.2744857691897389, 0.014439613125887563, -0.02989722282567745], [0.056332463072979, 0.058582609721734846, 0.17077969384460367, -0.14419257438996883, 1.0, 0.16252385341108963, 0.056701789721726174, 0.21272701353675713, 0.06762852385684047], [0.2819049853331825, 0.2799151381142229, 0.026554061898408195, 0.2990785927942721, 0.16252385341108963, 1.0, 0.25960345597131806, 0.006630635725148608, 0.05414702811939326], [0.9302921069879976, 0.9337717994371837, 0.14677149895062896, 0.2744857691897389, 0.056701789721726174, 0.25960345597131806, 1.0, 0.18487071580238, -0.18637418168248773], [0.1756829040406365, 0.18712259762959188, 0.12824164959372145, 0.014439613125887563, 0.21272701353675713, 0.006630635725148608, 0.18487071580238, 1.0, -0.019395456606176423], [0.014823177198094, 0.014704962089314919, 0.1764632393023287, -0.02989722282567745, 0.06762852385684047, 0.05414702811939326, -0.18637418168248773, -0.019395456606176423, 1.0]], \"x\": [\"loan_amnt\", \"funded_amnt\", \"int_rate\", \"annual_inc\", \"dti\", \"revol_bal\", \"total_pymnt\", \"issue_year\", \"defaulted_loan_int\"], \"y\": [\"loan_amnt\", \"funded_amnt\", \"int_rate\", \"annual_inc\", \"dti\", \"revol_bal\", \"total_pymnt\", \"issue_year\", \"defaulted_loan_int\"], \"colorscale\": [[0.0, \"rgb(165,0,38)\"], [0.1111111111111111, \"rgb(215,48,39)\"], [0.2222222222222222, \"rgb(244,109,67)\"], [0.3333333333333333, \"rgb(253,174,97)\"], [0.4444444444444444, \"rgb(254,224,144)\"], [0.5555555555555556, \"rgb(224,243,248)\"], [0.6666666666666666, \"rgb(171,217,233)\"], [0.7777777777777778, \"rgb(116,173,209)\"], [0.8888888888888888, \"rgb(69,117,180)\"], [1.0, \"rgb(49,54,149)\"]], \"colorbar\": {\"title\": \"Level of Correlation\", \"titleside\": \"top\", \"tickmode\": \"array\", \"tickvals\": [-0.52, 0.2, 0.95], \"ticktext\": [\"Negative Correlation\", \"Low Correlation\", \"Positive Correlation\"], \"ticks\": \"outside\"}}], {\"title\": \"Correlation Heatmap\"}, {\"showLink\": true, \"linkText\": \"Export to plot.ly\"})});</script>"
      ]
     },
     "metadata": {},
     "output_type": "display_data"
    }
   ],
   "source": [
    "df_correlations = df_loan.corr()\n",
    "\n",
    "\n",
    "trace = go.Heatmap(z=df_correlations.values,\n",
    "                   x=df_correlations.columns,\n",
    "                   y=df_correlations.columns,\n",
    "                  colorscale=[[0.0, 'rgb(165,0,38)'], \n",
    "                              [0.1111111111111111, 'rgb(215,48,39)'], \n",
    "                              [0.2222222222222222, 'rgb(244,109,67)'], \n",
    "                              [0.3333333333333333, 'rgb(253,174,97)'], \n",
    "                              [0.4444444444444444, 'rgb(254,224,144)'], \n",
    "                              [0.5555555555555556, 'rgb(224,243,248)'], \n",
    "                              [0.6666666666666666, 'rgb(171,217,233)'], \n",
    "                              [0.7777777777777778, 'rgb(116,173,209)'], \n",
    "                              [0.8888888888888888, 'rgb(69,117,180)'], \n",
    "                              [1.0, 'rgb(49,54,149)']],\n",
    "            colorbar = dict(\n",
    "            title = 'Level of Correlation',\n",
    "            titleside = 'top',\n",
    "            tickmode = 'array',\n",
    "            tickvals = [-0.52,0.2,0.95],\n",
    "            ticktext = ['Negative Correlation','Low Correlation','Positive Correlation'],\n",
    "            ticks = 'outside'\n",
    "        )\n",
    "                  )\n",
    "\n",
    "\n",
    "layout = {\"title\": \"Correlation Heatmap\"}\n",
    "data=[trace]\n",
    "\n",
    "fig = dict(data=data, layout=layout)\n",
    "iplot(fig, filename='labelled-heatmap')"
   ]
  },
  {
   "cell_type": "markdown",
   "metadata": {},
   "source": [
    "funded_amnt and loan_amnt suffer from collinearity! We will need to address that (at least) via regularization of our model.\n",
    "\n",
    "As expected, the default status is strongly negatively correlated with total payment made on the loan."
   ]
  },
  {
   "cell_type": "code",
   "execution_count": 124,
   "metadata": {},
   "outputs": [],
   "source": [
    "df_loan['diff_loan_funded']= df_36.loan_amnt.values-df_loan.funded_amnt.values"
   ]
  },
  {
   "cell_type": "code",
   "execution_count": 125,
   "metadata": {},
   "outputs": [
    {
     "name": "stdout",
     "output_type": "stream",
     "text": [
      "There is only 871 loans which had a difference between loan amnt and funded amount.\n"
     ]
    }
   ],
   "source": [
    "print(f'There is only {sum(df_loan[\"diff_loan_funded\"]>0)} loans which had a difference between loan amnt and funded amount.')"
   ]
  },
  {
   "cell_type": "code",
   "execution_count": 126,
   "metadata": {},
   "outputs": [
    {
     "data": {
      "text/plain": [
       "Index(['loan_amnt', 'funded_amnt', 'int_rate', 'grade', 'annual_inc',\n",
       "       'issue_d', 'dti', 'revol_bal', 'total_pymnt', 'loan_status',\n",
       "       'issue_year', 'defaulted_loan', 'defaulted_loan_int',\n",
       "       'diff_loan_funded'],\n",
       "      dtype='object')"
      ]
     },
     "execution_count": 126,
     "metadata": {},
     "output_type": "execute_result"
    }
   ],
   "source": [
    "df_loan.columns"
   ]
  },
  {
   "cell_type": "code",
   "execution_count": 127,
   "metadata": {},
   "outputs": [],
   "source": [
    "# drop cols we will not use\n",
    "# date (we will only use year)\n",
    "df_loan.drop(['loan_status','defaulted_loan','diff_loan_funded','issue_d'],axis=1,inplace=True)\n"
   ]
  },
  {
   "cell_type": "code",
   "execution_count": 128,
   "metadata": {},
   "outputs": [
    {
     "data": {
      "text/html": [
       "<div>\n",
       "<style scoped>\n",
       "    .dataframe tbody tr th:only-of-type {\n",
       "        vertical-align: middle;\n",
       "    }\n",
       "\n",
       "    .dataframe tbody tr th {\n",
       "        vertical-align: top;\n",
       "    }\n",
       "\n",
       "    .dataframe thead th {\n",
       "        text-align: right;\n",
       "    }\n",
       "</style>\n",
       "<table border=\"1\" class=\"dataframe\">\n",
       "  <thead>\n",
       "    <tr style=\"text-align: right;\">\n",
       "      <th></th>\n",
       "      <th>loan_amnt</th>\n",
       "      <th>funded_amnt</th>\n",
       "      <th>int_rate</th>\n",
       "      <th>grade</th>\n",
       "      <th>annual_inc</th>\n",
       "      <th>dti</th>\n",
       "      <th>revol_bal</th>\n",
       "      <th>total_pymnt</th>\n",
       "      <th>issue_year</th>\n",
       "      <th>defaulted_loan_int</th>\n",
       "    </tr>\n",
       "  </thead>\n",
       "  <tbody>\n",
       "    <tr>\n",
       "      <th>0</th>\n",
       "      <td>5000.0</td>\n",
       "      <td>5000.0</td>\n",
       "      <td>10.65</td>\n",
       "      <td>B</td>\n",
       "      <td>24000.0</td>\n",
       "      <td>27.65</td>\n",
       "      <td>13648.0</td>\n",
       "      <td>5861.071414</td>\n",
       "      <td>2011</td>\n",
       "      <td>0</td>\n",
       "    </tr>\n",
       "    <tr>\n",
       "      <th>2</th>\n",
       "      <td>2400.0</td>\n",
       "      <td>2400.0</td>\n",
       "      <td>15.96</td>\n",
       "      <td>C</td>\n",
       "      <td>12252.0</td>\n",
       "      <td>8.72</td>\n",
       "      <td>2956.0</td>\n",
       "      <td>3003.653644</td>\n",
       "      <td>2011</td>\n",
       "      <td>0</td>\n",
       "    </tr>\n",
       "    <tr>\n",
       "      <th>3</th>\n",
       "      <td>10000.0</td>\n",
       "      <td>10000.0</td>\n",
       "      <td>13.49</td>\n",
       "      <td>C</td>\n",
       "      <td>49200.0</td>\n",
       "      <td>20.00</td>\n",
       "      <td>5598.0</td>\n",
       "      <td>12226.302212</td>\n",
       "      <td>2011</td>\n",
       "      <td>0</td>\n",
       "    </tr>\n",
       "    <tr>\n",
       "      <th>5</th>\n",
